9
0 1024 2048 3072 4096 5120 6144 7168 8192 
16 16 32 48 64 80 96 128 160 
9216 12288 15360 20480 34816 62464 108544 178176 288768 
2304 2304 4608 13824 27648 46080 69120 110592 184320 
473088 500736 537600 574464 592896 620544 632832 648192 666624 
27648 36864 36864 18432 27648 12288 15360 18432 6144 
500736 537600 574464 592896 620544 632832 648192 666624 672768 
36864 36864 18432 27648 12288 15360 18432 6144 3840 
0 1384 1872 2792 4840 8576 14384 22712 35736 
1384 488 920 2048 3736 5808 8328 13024 20944 
