0008000000020062
0000001000000000
0c60030000000000
0021006000300000
0000240000600003
001b000000200001
0000036000100000
006000001d902254
0000030000600021
0000003080000001
0012002000200021
0000024000100360
0300020000000028
0010003000400000
0000090000300002
006000001d902204
0001030900600021
0000003083080001
0300020003080028
0010003000401200
0000090000300002
006000001d902204
0002031200600021
0000003086100001
0300020006100028
0010003000402400
0000090000300002
006000001d902214
0003032000600021
0000003089180001
001b000000200021
00000360001005a0
0300020009180028
0010003000403600
0000090000300002
006000001d902204
0004032900600021
000000308c200001
030002000c200028
0010003000404800
0000090000300002
006000001d902254
0005030000600021
0000003080000001
001b002000200021
0000036000100000
0cc0030010000000
0022006000300ba0
0000240000600003
0300020000000028
0010003000405a00
0000090000300002
006000001d902204
0006030900600021
0000003083080001
0300020003080028
0010003000406c00
0000090000300002
006000001d902204
0007031200600021
0000003086100001
0300020006100028
0010003000407e00
0000090000300002
006010001c902254
0000032000600022
0000003080000001
0012000000200021
0000024000100360
0300020000000028
0010003000400300
0000090000300002
006010001c902204
0001032900600022
0000003083080001
0300020003080028
0010003000401500
0000090000300002
006010001c902204
0002033200600022
0000003086100001
0300020006100028
0010003000402700
0000090000300002
006010001c902214
0003030000600022
0000003089180001
001b002000200021
00000360001005a0
0300020009180028
0010003000403900
0000090000300002
006010001c902204
0004030900600022
000000308c200001
030002000c200028
0010003000404b00
0000090000300002
006010001c902254
0005032000600022
0000003080000001
001b000000200021
0000036000100000
0c60030000000000
00210060003017a0
0000240000600003
0300020000000028
0010003000405d00
0000090000300002
006010001c902204
0006032900600022
0000003083080001
0300020003080028
0010003000406f00
0000090000300002
006010001c902204
0007033200600022
0000003086100001
0300020006100028
0010003000408100
0000090000300002
006000001e902254
0000030000600021
0000003080000001
0012002000200021
0000024000100360
0300020000000028
0010003000400600
0000090000300002
006000001e902204
0001030900600021
0000003083080001
0300020003080028
0010003000401800
0000090000300002
006000001e902204
0002031200600021
0000003086100001
0300020006100028
0010003000402a00
0000090000300002
006000001e902214
0003032000600021
0000003089180001
001b000000200021
00000360001005a0
0300020009180028
0010003000403c00
0000090000300002
006000001e902204
0004032900600021
000000308c200001
030002000c200028
0010003000404e00
0000090000300002
006000001e902254
0005030000600021
0000003080000001
0300020000000028
0010003000406000
0000090000300002
006000001e902204
0006030900600021
0000003083080001
0300020003080028
0010003000407200
0000090000300002
006000001e902204
0007031200600021
0000003086100001
0300020006100028
0010003000408400
0000090000300002
