0 16 0 3
0 16 3 3
0 16 6 3
0 16 9 3
0 16 12 3
0 16 15 3
0 16 18 3
0 16 21 3
0 16 24 3
0 16 27 3
0 16 30 3
0 16 33 3
0 16 36 3
0 16 39 1
1 16 0 3
1 16 3 3
1 16 6 3
1 16 9 3
1 16 12 3
1 16 15 3
1 16 18 3
1 16 21 3
1 16 24 3
1 16 27 3
1 16 30 3
1 16 33 3
1 16 36 3
1 16 39 1
2 16 0 3
2 16 3 3
2 16 6 3
2 16 9 3
2 16 12 3
2 16 15 3
2 16 18 3
2 16 21 3
2 16 24 3
2 16 27 3
2 16 30 3
2 16 33 3
2 16 36 3
2 16 39 1
3 16 0 3
3 16 3 3
3 16 6 3
3 16 9 3
3 16 12 3
3 16 15 3
3 16 18 3
3 16 21 3
3 16 24 3
3 16 27 3
3 16 30 3
3 16 33 3
3 16 36 3
3 16 39 1
