-38
-21
24
0
0
0
0
0
54
15
55
0
0
0
0
0
-33
-18
-33
0
0
0
0
0
-7
-22
-46
0
0
0
0
0
-10
-45
20
0
0
0
0
0
-25
64
47
0
0
0
0
0
-37
52
49
0
0
0
0
0
-12
-7
34
0
0
0
0
0
-29
52
39
0
0
0
0
0
-18
-9
-17
0
0
0
0
0
5
47
-49
0
0
0
0
0
6
-38
-43
0
0
0
0
0
-38
-52
-44
0
0
0
0
0
31
-69
70
0
0
0
0
0
6
-46
-15
0
0
0
0
0
-17
35
-63
0
0
0
0
0
-17
20
-17
0
0
0
0
0
-35
36
-35
0
0
0
0
0
-55
60
-59
0
0
0
0
0
-32
36
28
0
0
0
0
0
-30
-1
29
0
0
0
0
0
40
30
-44
0
0
0
0
0
-28
-39
-66
0
0
0
0
0
5
19
-50
0
0
0
0
0
18
-53
-72
0
0
0
0
0
-42
54
-38
0
0
0
0
0
14
63
-55
0
0
0
0
0
0
0
0
0
0
0
0
0
0
0
0
0
0
0
0
0
0
0
0
0
0
0
0
0
0
0
0
0
0
0
0
0
0
0
0
0
0
0
0
0
0
0
0
0
0
0
0
0
0
0
0
0
0
0
0
0
0
0
0
0
0
0
0
0
0
0
0
0
0
0
0
0
0
0
0
0
0
0
0
0
0
0
0
0
0
0
0
0
0
0
0
0
0
0
0
0
0
0
0
0
0
0
0
0
0
0
0
0
0
0
0
0
0
0
0
0
0
0
0
0
0
0
0
0
0
0
0
0
0
0
0
0
0
0
0
0
0
0
0
0
0
0
0
0
0
0
0
0
0
0
0
0
0
0
0
0
0
0
0
0
0
0
0
0
0
0
0
0
0
0
0
0
0
0
0
0
0
0
0
0
0
0
0
0
0
0
0
0
0
0
0
0
0
0
0
0
0
0
0
0
0
0
0
0
0
0
0
0
0
0
0
0
0
0
0
0
-49
4
44
0
0
0
0
0
-51
-6
-41
0
0
0
0
0
-6
-48
-59
0
0
0
0
0
54
-37
16
0
0
0
0
0
46
13
41
0
0
0
0
0
-8
35
28
0
0
0
0
0
1
-8
-25
0
0
0
0
0
-44
-39
-46
0
0
0
0
0
10
-5
8
0
0
0
0
0
-48
-37
12
0
0
0
0
0
-7
27
-31
0
0
0
0
0
-25
-62
40
0
0
0
0
0
-3
-11
51
0
0
0
0
0
-18
-21
-26
0
0
0
0
0
-15
-69
-27
0
0
0
0
0
50
-15
20
0
0
0
0
0
-53
-46
46
0
0
0
0
0
26
-65
48
0
0
0
0
0
-11
-36
-62
0
0
0
0
0
14
1
-61
0
0
0
0
0
35
-11
-60
0
0
0
0
0
37
42
-33
0
0
0
0
0
-2
-65
-4
0
0
0
0
0
50
-39
54
0
0
0
0
0
-47
-56
-30
0
0
0
0
0
-18
-1
49
0
0
0
0
0
24
-20
41
0
0
0
0
0
0
0
0
0
0
0
0
0
0
0
0
0
0
0
0
0
0
0
0
0
0
0
0
0
0
0
0
0
0
0
0
0
0
0
0
0
0
0
0
0
0
0
0
0
0
0
0
0
0
0
0
0
0
0
0
0
0
0
0
0
0
0
0
0
0
0
0
0
0
0
0
0
0
0
0
0
0
0
0
0
0
0
0
0
0
0
0
0
0
0
0
0
0
0
0
0
0
0
0
0
0
0
0
0
0
0
0
0
0
0
0
0
0
0
0
0
0
0
0
0
0
0
0
0
0
0
0
0
0
0
0
0
0
0
0
0
0
0
0
0
0
0
0
0
0
0
0
0
0
0
0
0
0
0
0
0
0
0
0
0
0
0
0
0
0
0
0
0
0
0
0
0
0
0
0
0
0
0
0
0
0
0
0
0
0
0
0
0
0
0
0
0
0
0
0
0
0
0
0
0
0
0
0
0
0
0
0
0
0
0
0
0
0
0
0
0
-7
-37
8
0
0
0
0
0
-17
-42
28
0
0
0
0
0
25
-32
-38
0
0
0
0
0
34
-68
14
0
0
0
0
0
15
-62
-60
0
0
0
0
0
1
-19
-45
0
0
0
0
0
2
-54
15
0
0
0
0
0
41
57
43
0
0
0
0
0
-11
-64
-39
0
0
0
0
0
2
20
-36
0
0
0
0
0
18
14
10
0
0
0
0
0
-25
-36
26
0
0
0
0
0
6
53
-14
0
0
0
0
0
-29
28
-51
0
0
0
0
0
-36
34
-38
0
0
0
0
0
58
89
-29
0
0
0
0
0
55
-60
-41
0
0
0
0
0
41
-72
-5
0
0
0
0
0
0
0
0
0
0
0
0
0
0
0
0
0
0
0
0
0
0
0
0
0
0
0
0
0
0
0
0
0
0
0
0
0
0
0
0
0
0
0
0
0
0
0
0
0
0
0
0
0
0
0
0
0
0
0
0
0
0
0
0
0
0
0
0
0
0
0
0
0
0
0
0
0
0
0
0
0
0
0
0
0
0
0
0
0
0
0
0
0
0
0
0
0
0
0
0
0
0
0
0
0
0
0
0
0
0
0
0
0
0
0
0
0
0
0
0
0
0
0
0
0
0
0
0
0
0
0
0
0
0
0
0
0
0
0
0
0
0
0
0
0
0
0
0
0
33
-11
-18
0
0
0
0
0
-13
64
-8
0
0
0
0
0
55
-59
-77
0
0
0
0
0
1
64
-45
0
0
0
0
0
-67
30
-27
0
0
0
0
0
24
-57
49
0
0
0
0
0
44
78
51
0
0
0
0
0
71
-9
29
0
0
0
0
0
-14
18
-4
0
0
0
0
0
-34
-49
27
0
0
0
0
0
-33
49
-42
0
0
0
0
0
47
-47
50
0
0
0
0
0
4
-27
-91
0
0
0
0
0
34
68
71
0
0
0
0
0
-52
14
10
0
0
0
0
0
-5
13
-61
0
0
0
0
0
-22
7
45
0
0
0
0
0
-8
-37
58
0
0
0
0
0
0
0
0
0
0
0
0
0
0
0
0
0
0
0
0
0
0
0
0
0
0
0
0
0
0
0
0
0
0
0
0
0
0
0
0
0
0
0
0
0
0
0
0
0
0
0
0
0
0
0
0
0
0
0
0
0
0
0
0
0
0
0
0
0
0
0
0
0
0
0
0
0
0
0
0
0
0
0
0
0
0
0
0
0
0
0
0
0
0
0
0
0
0
0
0
0
0
0
0
0
0
0
0
0
0
0
0
0
0
0
0
0
0
0
0
0
0
0
0
0
0
0
0
0
0
0
0
0
0
0
0
0
0
0
0
0
0
0
0
0
0
0
0
0
-26
32
55
0
0
0
0
0
-59
-20
17
0
0
0
0
0
58
51
64
0
0
0
0
0
29
-48
25
0
0
0
0
0
-17
65
-14
0
0
0
0
0
40
22
4
0
0
0
0
0
32
28
34
0
0
0
0
0
-13
46
-30
0
0
0
0
0
23
-70
-38
0
0
0
0
0
-45
17
-28
0
0
0
0
0
46
22
-12
0
0
0
0
0
52
19
61
0
0
0
0
0
34
-28
51
0
0
0
0
0
14
43
51
0
0
0
0
0
9
-17
-7
0
0
0
0
0
35
-40
7
0
0
0
0
0
-20
-8
-13
0
0
0
0
0
21
24
-12
0
0
0
0
0
23
-10
-22
0
0
0
0
0
-32
-54
31
0
0
0
0
0
7
-39
-45
0
0
0
0
0
-49
-71
-29
0
0
0
0
0
33
-50
18
0
0
0
0
0
47
-75
30
0
0
0
0
0
69
-16
50
0
0
0
0
0
-16
49
-1
0
0
0
0
0
42
44
40
0
0
0
0
0
0
0
0
0
0
0
0
0
0
0
0
0
0
0
0
0
0
0
0
0
0
0
0
0
0
0
0
0
0
0
0
0
0
0
0
0
0
0
0
0
0
0
0
0
0
0
0
0
0
0
0
0
0
0
0
0
0
0
0
0
0
0
0
0
0
0
0
0
0
0
0
0
0
0
0
0
0
0
0
0
0
0
0
0
0
0
0
0
0
0
0
0
0
0
0
0
0
0
0
0
0
0
0
0
0
0
0
0
0
0
0
0
0
0
0
0
0
0
0
0
0
0
0
0
0
0
0
0
0
0
0
0
0
0
0
0
0
0
0
0
0
0
0
0
0
0
0
0
0
0
0
0
0
0
0
0
0
0
0
0
0
0
0
0
0
0
0
0
0
0
0
0
0
0
0
0
0
0
0
0
0
0
0
0
0
0
0
0
0
0
0
0
0
0
0
0
0
0
0
0
0
0
0
0
0
0
0
0
0
0
0
0
0
0
0
0
57
26
-36
0
0
0
0
0
26
32
43
0
0
0
0
0
-24
-2
50
0
0
0
0
0
-63
49
-72
0
0
0
0
0
61
31
31
0
0
0
0
0
-7
36
-53
0
0
0
0
0
56
45
-4
0
0
0
0
0
-23
-4
3
0
0
0
0
0
-4
-47
-37
0
0
0
0
0
56
47
39
0
0
0
0
0
62
-65
-63
0
0
0
0
0
-60
-50
18
0
0
0
0
0
-57
-67
-42
0
0
0
0
0
-33
-73
14
0
0
0
0
0
-39
60
-42
0
0
0
0
0
-19
42
58
0
0
0
0
0
-58
24
-34
0
0
0
0
0
-22
67
59
0
0
0
0
0
-41
80
13
0
0
0
0
0
-1
46
-13
0
0
0
0
0
-23
40
74
0
0
0
0
0
-10
14
-67
0
0
0
0
0
-67
37
-63
0
0
0
0
0
57
-61
60
0
0
0
0
0
38
-50
-2
0
0
0
0
0
-33
-43
-46
0
0
0
0
0
-37
-47
46
0
0
0
0
0
0
0
0
0
0
0
0
0
0
0
0
0
0
0
0
0
0
0
0
0
0
0
0
0
0
0
0
0
0
0
0
0
0
0
0
0
0
0
0
0
0
0
0
0
0
0
0
0
0
0
0
0
0
0
0
0
0
0
0
0
0
0
0
0
0
0
0
0
0
0
0
0
0
0
0
0
0
0
0
0
0
0
0
0
0
0
0
0
0
0
0
0
0
0
0
0
0
0
0
0
0
0
0
0
0
0
0
0
0
0
0
0
0
0
0
0
0
0
0
0
0
0
0
0
0
0
0
0
0
0
0
0
0
0
0
0
0
0
0
0
0
0
0
0
0
0
0
0
0
0
0
0
0
0
0
0
0
0
0
0
0
0
0
0
0
0
0
0
0
0
0
0
0
0
0
0
0
0
0
0
0
0
0
0
0
0
0
0
0
0
0
0
0
0
0
0
0
0
0
0
0
0
0
0
0
0
0
0
0
0
0
0
0
0
0
0
