0 16 0 3
0 16 3 3
0 16 6 3
0 16 9 3
0 16 12 3
0 16 15 3
0 16 18 3
0 16 21 3
0 16 24 3
0 16 27 3
0 16 30 3
0 16 33 3
0 16 36 3
0 16 39 3
0 16 42 3
0 16 45 3
0 16 48 3
0 16 51 3
0 16 54 3
0 16 57 3
0 16 60 3
0 16 63 3
0 16 66 3
0 16 69 3
0 16 72 3
0 16 75 3
0 16 78 2
1 16 0 3
1 16 3 3
1 16 6 3
1 16 9 3
1 16 12 3
1 16 15 3
1 16 18 3
1 16 21 3
1 16 24 3
1 16 27 3
1 16 30 3
1 16 33 3
1 16 36 3
1 16 39 3
1 16 42 3
1 16 45 3
1 16 48 3
1 16 51 3
1 16 54 3
1 16 57 3
1 16 60 3
1 16 63 3
1 16 66 3
1 16 69 3
1 16 72 3
1 16 75 3
1 16 78 2
2 16 0 3
2 16 3 3
2 16 6 3
2 16 9 3
2 16 12 3
2 16 15 3
2 16 18 3
2 16 21 3
2 16 24 3
2 16 27 3
2 16 30 3
2 16 33 3
2 16 36 3
2 16 39 3
2 16 42 3
2 16 45 3
2 16 48 3
2 16 51 3
2 16 54 3
2 16 57 3
2 16 60 3
2 16 63 3
2 16 66 3
2 16 69 3
2 16 72 3
2 16 75 3
2 16 78 2
3 16 0 3
3 16 3 3
3 16 6 3
3 16 9 3
3 16 12 3
3 16 15 3
3 16 18 3
3 16 21 3
3 16 24 3
3 16 27 3
3 16 30 3
3 16 33 3
3 16 36 3
3 16 39 3
3 16 42 3
3 16 45 3
3 16 48 3
3 16 51 3
3 16 54 3
3 16 57 3
3 16 60 3
3 16 63 3
3 16 66 3
3 16 69 3
3 16 72 3
3 16 75 3
3 16 78 2
4 16 0 3
4 16 3 3
4 16 6 3
4 16 9 3
4 16 12 3
4 16 15 3
4 16 18 3
4 16 21 3
4 16 24 3
4 16 27 3
4 16 30 3
4 16 33 3
4 16 36 3
4 16 39 3
4 16 42 3
4 16 45 3
4 16 48 3
4 16 51 3
4 16 54 3
4 16 57 3
4 16 60 3
4 16 63 3
4 16 66 3
4 16 69 3
4 16 72 3
4 16 75 3
4 16 78 2
5 16 0 3
5 16 3 3
5 16 6 3
5 16 9 3
5 16 12 3
5 16 15 3
5 16 18 3
5 16 21 3
5 16 24 3
5 16 27 3
5 16 30 3
5 16 33 3
5 16 36 3
5 16 39 3
5 16 42 3
5 16 45 3
5 16 48 3
5 16 51 3
5 16 54 3
5 16 57 3
5 16 60 3
5 16 63 3
5 16 66 3
5 16 69 3
5 16 72 3
5 16 75 3
5 16 78 2
6 16 0 3
6 16 3 3
6 16 6 3
6 16 9 3
6 16 12 3
6 16 15 3
6 16 18 3
6 16 21 3
6 16 24 3
6 16 27 3
6 16 30 3
6 16 33 3
6 16 36 3
6 16 39 3
6 16 42 3
6 16 45 3
6 16 48 3
6 16 51 3
6 16 54 3
6 16 57 3
6 16 60 3
6 16 63 3
6 16 66 3
6 16 69 3
6 16 72 3
6 16 75 3
6 16 78 2
7 16 0 3
7 16 3 3
7 16 6 3
7 16 9 3
7 16 12 3
7 16 15 3
7 16 18 3
7 16 21 3
7 16 24 3
7 16 27 3
7 16 30 3
7 16 33 3
7 16 36 3
7 16 39 3
7 16 42 3
7 16 45 3
7 16 48 3
7 16 51 3
7 16 54 3
7 16 57 3
7 16 60 3
7 16 63 3
7 16 66 3
7 16 69 3
7 16 72 3
7 16 75 3
7 16 78 2
